,x,y,z,barycenter_0,barycenter_1,barycenter_2,evals_0,evals_1,evals_2,e1_0,e1_1,e1_2,e2_0,e2_1,e2_2,e3_0,e3_1,e3_2,npoints_0,normals_0,normals_1,normals_2
0,-0.8990341137410259,-0.4787441127174365,0.9718497904679432,-0.8990341137410259,-0.4787441127174365,0.9718497904679432,2.986866336684097e-07,0.0001089827091503572,0.0005311505111810658,-0.16374271189062328,0.4998127624353603,-0.8505148598404605,-0.7484497759673584,0.4987090443019872,0.4371638388359779,0.6426595188411315,0.7081500488160206,0.29242477871198364,1818.0,0.16374271189062328,-0.4998127624353603,0.8505148598404605
1,-0.40317777853321146,-0.8165519851593324,0.3500153100968879,-0.40317777853321146,-0.8165519851593324,0.3500153100968879,5.497867029961438e-07,0.00013019209697287277,0.0003930493193531407,0.48950261306571985,-0.7411106833537675,0.4595020640005262,0.86671947665294,0.3555923234215012,-0.349787718929856,-0.09583600884993868,-0.5694813908659437,-0.8163984351192158,1620.0,0.48950261306571985,-0.7411106833537675,0.4595020640005262
2,-0.47152933519931817,-0.7423603048873747,0.5331086695335782,-0.47152933519931817,-0.7423603048873747,0.5331086695335782,1.542515351684039e-05,0.0002821695754974987,0.0008679122262259613,0.17842533434373525,-0.9087960365242502,0.3771659635520421,-0.9817877566407476,-0.13901569447240986,0.12948914086008237,-0.06524722963203042,-0.39340106848884854,-0.9170487437084126,3369.0,0.17842533434373525,-0.9087960365242502,0.3771659635520421
3,-0.8810861613946103,-1.1848045517049868,0.3819400778314517,-0.8810861613946103,-1.1848045517049868,0.3819400778314517,1.965021542528288e-06,0.0002504124366420872,0.0006015077617226827,0.34563684055396,-0.8047177840739427,0.482663922876985,-0.5438502708841414,-0.5909569767658377,-0.5958160240133086,0.764697363217059,-0.0565609371112684,-0.6419024872065636,2486.0,0.34563684055396,-0.8047177840739427,0.482663922876985
4,-0.680270614930325,0.753462883281625,-0.9273799290984042,-0.680270614930325,0.753462883281625,-0.9273799290984042,4.5739604432115593e-07,4.3596922814381626e-05,0.0005658150542497411,-0.6289928202273789,0.5647676102438262,-0.5342336366440118,0.5070133230344163,-0.22292573187096335,-0.8326113188849854,0.5893263292675858,0.7945701130103454,0.14612601802115852,1152.0,-0.6289928202273789,0.5647676102438262,-0.5342336366440118
5,-0.8448996827520173,0.6076123866084892,-0.8931137750431952,-0.8448996827520173,0.6076123866084892,-0.8931137750431952,1.4086919945232395e-06,9.763074332738246e-05,0.00031682218828503255,-0.5483052737501498,0.5982489370222831,-0.5843453911253873,0.22362401513491306,-0.5684131628305102,-0.7917693958318648,0.8058248113782014,0.5648049979176215,-0.1778811055018545,1305.0,-0.5483052737501498,0.5982489370222831,-0.5843453911253873
6,-0.5664973786563166,1.1219919131001297,-0.7796432925280175,-0.5664973786563166,1.1219919131001297,-0.7796432925280175,4.0508954908991524e-07,0.00021737040669153712,0.0002912417606561393,-0.6477069642886073,0.670775333715697,-0.3612978550872284,-0.48690943448497054,-0.7291704605039785,-0.4808634339788612,-0.5859990537719005,-0.13553926075868802,0.7988956238279351,1724.0,-0.6477069642886073,0.670775333715697,-0.3612978550872284
7,-0.46704716565179044,0.5480892345553539,-1.2669977247714996,-0.46704716565179044,0.5480892345553539,-1.2669977247714996,3.842461279655965e-06,4.377164742500481e-05,0.0005620649338980258,0.6780334889920766,-0.14539286797733478,0.7205078082481525,-0.7273277059583048,-0.2742573374138358,0.6291083539582852,0.10613668522552151,-0.9506018234865736,-0.29170392049703386,488.0,-0.6780334889920766,0.14539286797733478,-0.7205078082481525
8,-0.26552132500432796,0.6355934267016413,-1.4498476545575638,-0.26552132500432796,0.6355934267016413,-1.4498476545575638,2.8060348631655097e-06,0.00019175200878700116,0.0002135112578278074,0.20419617283492889,-0.12329576537802343,0.9711344279961529,-0.12761622058750285,0.9802182158309002,0.15128235057748318,-0.9705761295449881,-0.15482378238866953,0.1844222686237654,1207.0,-0.20419617283492889,0.12329576537802343,-0.9711344279961529
9,-0.2875875115293909,0.7342220665299678,-1.38336848541423,-0.2875875115293909,0.7342220665299678,-1.38336848541423,1.3723495311581616e-06,0.00015887012017229188,0.000468530026494287,0.5083956519041327,-0.2476202430706744,0.8247533427313841,-0.7584283278462861,-0.5823496026783093,0.2926694582301029,0.40782389906092814,-0.7743081786227208,-0.483866212782734,1776.0,-0.5083956519041327,0.2476202430706744,-0.8247533427313841
10,-0.22585926384922114,0.9676630453638401,-1.3158765047019678,-0.22585926384922114,0.9676630453638401,-1.3158765047019678,1.3594621533122517e-07,0.0001813717400982645,0.00020551643180458562,-0.2590182881006168,0.4616011619546844,-0.8484302527087958,-0.8593597245623252,-0.5111294813684704,-0.015732675429257322,0.44091993630316834,-0.7250317376212461,-0.5290733306568445,1279.0,-0.2590182881006168,0.4616011619546844,-0.8484302527087958
11,-0.02414074464496936,1.1115273126970717,-1.3166328972075885,-0.02414074464496936,1.1115273126970717,-1.3166328972075885,7.33608760769255e-07,0.00012472572508028605,0.00023190290824526085,0.31114535929476245,-0.2741425901292714,0.9099639584437111,0.18284748727389805,0.9568711665196314,0.22575288941890004,0.9326067562413191,-0.09614265942116793,-0.3478523066654442,1092.0,-0.31114535929476245,0.2741425901292714,-0.9099639584437111
12,0.3647760515119515,1.4359946751127055,-1.1438955307006835,0.3647760515119515,1.4359946751127055,-1.1438955307006835,1.2389830701407948e-06,3.941900900533554e-05,0.0002836084669059249,0.3185736022471782,0.6246874183264577,-0.7129351228098404,-0.9072594685044204,0.41881127837052595,-0.03843657006969394,0.27457442845307584,0.6590620171837176,0.7001757927445043,255.0,0.3185736022471782,0.6246874183264577,-0.7129351228098404
13,0.2084311129001739,-0.02681278683733713,-1.528264283261952,0.2084311129001739,-0.02681278683733713,-1.528264283261952,5.440015431059986e-07,8.483559174264959e-05,0.00025639156870296625,-0.5816784344347274,0.26677821013109076,0.7684266949506744,-0.6192734086234368,-0.7577515509270963,-0.2057013185166552,0.5273998902971773,-0.5955182395752731,0.6059763873680997,957.0,0.5816784344347274,-0.26677821013109076,-0.7684266949506744
14,0.4290752798621779,0.5917327198971054,-1.3666904136666662,0.4290752798621779,0.5917327198971054,-1.3666904136666662,1.1738820063771868e-06,7.537827740337833e-05,0.000196509009466078,0.2850209825295758,-0.4579734086598249,-0.8420352703292044,-0.9108941041077113,0.144054291920422,-0.3866785384283895,0.2983872829389432,0.8772164601395752,-0.37610678196558495,1279.0,0.2850209825295758,-0.4579734086598249,-0.8420352703292044
15,0.49957285459620504,0.9153188779331244,-1.1974086409178786,0.49957285459620504,0.9153188779331244,-1.1974086409178786,1.8933773718890023e-06,4.469021896990351e-05,0.0002386603670352317,-0.6285131802403054,0.041654879861218755,0.7766827236703324,-0.5900826526800695,0.6250189147193012,-0.511032111759291,0.5067283742502199,0.7794974196409216,0.3682528037949942,626.0,0.6285131802403054,-0.041654879861218755,-0.7766827236703324
16,0.4397497187928491,0.8679540869512586,-1.3517015865562185,0.4397497187928491,0.8679540869512586,-1.3517015865562185,1.473302274746861e-06,0.00010220635225635804,0.0002761214982882375,-0.3890791469888424,-0.2762679138916971,0.8788022855752962,-0.8431968791915988,-0.2773864159585962,-0.4605168826038767,0.37099385480083474,-0.9201808604810112,-0.12502297270678953,3310.0,0.3890791469888424,0.2762679138916971,-0.8788022855752962
17,0.6975223259761074,0.8813229342247654,-0.9417135199057238,0.6975223259761074,0.8813229342247654,-0.9417135199057238,6.363404997805857e-06,0.00012407951251852046,0.0006992394364867428,-0.8988834293408701,-0.16203760833101322,0.407126999771278,0.4145405828692273,-0.01336414223012252,0.9099326924871389,0.1420024141021488,-0.9866940828791965,-0.07918397060228552,6251.0,0.8988834293408701,0.16203760833101322,-0.407126999771278
18,0.43902683991309205,1.798068438827152,-0.6495990177852587,0.43902683991309205,1.798068438827152,-0.6495990177852587,5.267251434131773e-07,7.796088329210122e-05,0.00017071898025287368,0.40827630048675384,0.8854649775041162,-0.22195097673694741,0.9062778569427177,-0.3640281215005363,0.21481148193731614,-0.10941164689449126,0.28885169269094824,0.9511013569296437,2272.0,0.40827630048675384,0.8854649775041162,-0.22195097673694741
19,0.5768127817950562,1.7143299784489021,-0.31017731128338566,0.5768127817950562,1.7143299784489021,-0.31017731128338566,7.372690904723836e-07,5.55052064629891e-05,0.00011144727896966588,0.6254377406386913,0.7801774610493104,0.012278511938347971,0.7794819033824799,-0.6254343096676154,0.03521202337013164,-0.03515102962922454,0.012452050483523972,0.9993044338712608,1670.0,0.6254377406386913,0.7801774610493104,0.012278511938347971
20,0.5536414461422385,1.7179658140388419,-0.39333245442096465,0.5536414461422385,1.7179658140388419,-0.39333245442096465,1.337520045613459e-07,3.094405047076736e-05,0.00029135693377165033,-0.5226593719794235,-0.8499606074807818,0.06628835955863821,-0.8457017908386631,0.5070671221288794,-0.16634727117754183,0.10777597995079069,-0.14300314467464226,-0.9838365914921084,2047.0,0.5226593719794235,0.8499606074807818,-0.06628835955863821
21,0.7700288685758715,1.589040380373902,-0.2242293178512848,0.7700288685758715,1.589040380373902,-0.2242293178512848,1.0236611687177584e-07,3.155059135468702e-05,0.0004596241607527203,-0.7071901164722258,-0.6868934552811036,0.16750976167371903,-0.7070233516965235,0.6869395559694217,-0.16802388699333146,-0.0003454270019229385,0.2372581453533689,0.9714465776066463,1027.0,0.7071901164722258,0.6868934552811036,-0.16750976167371903
22,0.6501484126838265,0.9234324927633838,0.3454290747004724,0.6501484126838265,0.9234324927633838,0.3454290747004724,8.714733703633697e-08,0.00014052900101551837,0.0007213433955646937,-0.7985371799400635,-0.08729005998229523,-0.5955827546879258,0.4816704937921059,-0.6860683929588869,-0.5452556240818422,0.36101510725098446,0.7222815279453696,-0.5898961660542155,2056.0,0.7985371799400635,0.08729005998229523,0.5955827546879258
23,0.5783357269806123,1.1775452412129936,0.4662503498091782,0.5783357269806123,1.1775452412129936,0.4662503498091782,1.9350470695774474e-07,9.628131854442529e-05,0.00021158934155783574,-0.7467822479764001,-0.16064592194268512,-0.6453752101456172,0.44205185106539363,-0.8449084229464424,-0.3011974731033015,0.4968968052593754,0.5102182323254822,-0.70197643858301,961.0,0.7467822479764001,0.16064592194268512,0.6453752101456172
24,0.5835619120710138,1.629417516183162,0.47286340842644375,0.5835619120710138,1.629417516183162,0.47286340842644375,7.555917466664606e-08,0.00010524782318834349,0.0002465557722316982,-0.2386949633624183,-0.6959380818429725,-0.6772701829448405,-0.9461013874860309,0.32386995814899255,0.0006440540176165244,0.21889924408828293,0.64091999223717,-0.7357341126305652,1104.0,0.2386949633624183,0.6959380818429725,0.6772701829448405
25,0.21455246000702866,1.372508421988269,0.8484649481726628,0.21455246000702866,1.372508421988269,0.8484649481726628,2.628875183083771e-07,7.427251290707843e-05,0.00048015262146790683,-0.44379531344004236,-0.49279832356240555,-0.7484621113074043,-0.7303196159630269,0.6829039683318927,-0.016596040978815008,0.5193062471300262,0.5392513164848426,-0.6629698630866206,1530.0,0.44379531344004236,0.49279832356240555,0.7484621113074043
26,0.21991117925381887,1.469800948773181,0.8009020982555327,0.21991117925381887,1.469800948773181,0.8009020982555327,7.11329253810888e-07,0.00010500891189879063,0.0003804563257068932,-0.3947943437959629,-0.5076160325157876,-0.765808977251929,-0.4447274605781915,0.8349427909528233,-0.32417282681246284,0.8039620089994233,0.2125946833033239,-0.5553814803509127,1474.0,0.3947943437959629,0.5076160325157876,0.765808977251929
27,-0.35987615303568066,1.1911520136951208,1.195499820492984,-0.35987615303568066,1.1911520136951208,1.195499820492984,2.533518396657844e-06,9.647989499617604e-05,0.0007107982612296692,-0.1013525051310998,-0.4384346592172568,-0.8930300774893857,-0.9541272666196973,0.2970379675573088,-0.037544705648706,0.2817247394114958,0.8482590968722179,-0.44842800512128334,2602.0,0.1013525051310998,0.4384346592172568,0.8930300774893857
28,0.18236880552110432,0.6609999912375515,0.9006622821426885,0.18236880552110432,0.6609999912375515,0.9006622821426885,1.1382566125431077e-06,0.00014437219956293446,0.00022714947432137097,-0.7290967945889798,-0.16875859142083274,-0.6632785251624926,-0.6161796683416733,-0.25996173561004704,0.7434665509227415,0.29789340449634066,-0.9507578208146743,-0.08555165525757652,1159.0,0.7290967945889798,0.16875859142083274,0.6632785251624926
29,0.08754090595651756,0.8027664954915191,0.9971320262159964,0.08754090595651756,0.8027664954915191,0.9971320262159964,4.943462704045784e-06,0.00013038339196586428,0.0006373545173246881,-0.5106291785741737,0.00034533922664600335,-0.8598009785581097,-0.4821850521220943,-0.8280594608025361,0.286033398199277,0.7118675561497924,-0.5606401788279464,-0.4229978396931725,1980.0,0.5106291785741737,-0.00034533922664600335,0.8598009785581097
30,-0.03982288070981162,0.556386652845925,1.061918044242615,-0.03982288070981162,0.556386652845925,1.061918044242615,2.1542325938801642e-06,0.00010727239210733853,0.0005804664639544449,0.6300016695716325,0.13818284645916717,0.7642011497514235,-0.7685858502767928,-0.03000828634224354,0.6390424817687016,0.11123707606394213,-0.989952020905682,0.08730011004288936,1252.0,0.6300016695716325,0.13818284645916717,0.7642011497514235
31,-1.7209075619276766,0.400127473423521,1.4745734722780095,-1.7209075619276766,0.400127473423521,1.4745734722780095,1.2576092847780767e-06,3.738736826712701e-05,0.00044688429295996096,-0.6495246807094064,0.21265077666281387,0.7299981755689843,-0.3585273154635898,0.7609978922892175,-0.5406850950394688,0.670504178373122,0.6129125998999125,0.41804580092151933,834.0,-0.6495246807094064,0.21265077666281387,0.7299981755689843
32,-1.2440692674998897,-0.18653789654046174,1.34035327165622,-1.2440692674998897,-0.18653789654046174,1.34035327165622,3.169277547663303e-07,0.00025101797841472416,0.0008939758541045747,-0.21541499690637683,0.40796839962442827,-0.8872193438015812,-0.8874335742854877,0.29735214559305284,0.35219788861106455,0.40750218445881925,0.8632169405306469,0.2979907435512047,2908.0,0.21541499690637683,-0.40796839962442827,0.8872193438015812
33,-1.710217900653978,-0.18581801736667528,1.3681757411813837,-1.710217900653978,-0.18581801736667528,1.3681757411813837,1.1559821717356887e-05,0.00016225636275793112,0.0006163702544862276,-0.16646875714887707,0.1584397573147445,0.973234296660035,-0.6015699074479789,-0.7983612170484182,0.02707422327599054,0.7812821509201,-0.5809614534674508,0.22821478970182613,1868.0,-0.16646875714887707,0.1584397573147445,0.973234296660035
34,-2.1035786000781993,-0.30372532761074333,0.8812142821673273,-2.1035786000781993,-0.30372532761074333,0.8812142821673273,2.232203405654122e-06,9.06497957119061e-05,0.0006175746355057447,0.8742242902894164,-0.17905976307729787,-0.45129756426848594,0.15184367772512244,-0.7820510281565481,0.6044333601764508,0.46116741840992553,0.5969370072344216,0.6564989121020206,1581.0,-0.8742242902894164,0.17905976307729787,0.45129756426848594
35,-1.9670972157950957,0.1669536479410065,0.8427736190287618,-1.9670972157950957,0.1669536479410065,0.8427736190287618,1.611216464212962e-06,0.00013834561501362212,0.0003445183726119057,0.8083166411283607,-0.3894290580183422,-0.4415531864293486,-0.024811718906484852,-0.7718528458758601,0.6353168996006964,0.5882249453056797,0.5025815287933713,0.6335639041453099,1471.0,-0.8083166411283607,0.3894290580183422,0.4415531864293486
36,-2.0121880771795633,-0.034213063935537386,1.0138932248541965,-2.0121880771795633,-0.034213063935537386,1.0138932248541965,1.5877520330523456e-07,2.520239543219174e-05,0.00047020103160872194,0.8924614226369639,-0.13535177761760353,-0.43033998814955615,0.2978462320933659,-0.5396711142067043,0.7874279081405982,0.3388218280049121,0.8309241751126561,0.4413216333704487,577.0,-0.8924614226369639,0.13535177761760353,0.43033998814955615
37,-1.9286076520388817,0.1740621342272549,1.0923303075325794,-1.9286076520388817,0.1740621342272549,1.0923303075325794,3.1913378183456123e-06,8.363182404677476e-05,0.000553308389246711,-0.8072565670846198,0.5739588224414888,0.13750674543575872,-0.00848826612768296,0.22166847352759872,-0.9750851435552128,0.5901396311356327,0.7883110794512049,0.17407141573956236,546.0,-0.8072565670846198,0.5739588224414888,0.13750674543575872
38,-1.5260784963611513,0.4087462735187728,1.537015679758042,-1.5260784963611513,0.4087462735187728,1.537015679758042,9.659363707007488e-07,0.00013730444889238047,0.00032790134781774316,0.2384119772451691,0.09065108626432339,-0.9669240454478043,-0.3835670983926272,0.9234783841774434,-0.007997186235129669,0.8922085014931823,0.37278687546119005,0.25493908163946427,1024.0,-0.2384119772451691,-0.09065108626432339,0.9669240454478043
39,-1.6726793943556593,0.3544255678617903,1.5111594258971481,-1.6726793943556593,0.3544255678617903,1.5111594258971481,2.4723662676328365e-06,0.00011704234623535847,0.0002255479950494703,0.25009857846799083,0.08822979963472101,-0.9641919951465617,-0.875402131234936,0.4460744658392577,-0.1862489719583777,0.4136687197234299,0.8906363305988804,0.1887991444359327,466.0,-0.25009857846799083,-0.08822979963472101,0.9641919951465617
40,-1.548562463535103,0.5348073762305864,1.5603563009966133,-1.548562463535103,0.5348073762305864,1.5603563009966133,3.5942565242721117e-07,0.00015157617321935162,0.0006049068884706357,-0.4012081864700416,0.06857588083016057,0.9134163014079553,-0.21650370135793062,0.9618389282087736,-0.16730816919838035,0.89003266142751,0.26488341728119835,0.3710507200393204,1723.0,-0.4012081864700416,0.06857588083016057,0.9134163014079553
41,-1.5915579037723944,0.6740097951853024,1.36810199713779,-1.5915579037723944,0.6740097951853024,1.36810199713779,3.15708224698049e-07,0.0001767652567022671,0.00022622829836782443,0.4672516447875818,-0.2805960405689116,-0.8384162226843832,-0.1381248644649555,-0.9598244846080517,0.24425085580899233,-0.873268241870639,0.0016795130059741852,-0.487236859213489,1324.0,-0.4672516447875818,0.2805960405689116,0.8384162226843832
42,-0.7824950752176087,0.9864961488904624,1.4435458651904403,-0.7824950752176087,0.9864961488904624,1.4435458651904403,1.2939636659034558e-06,0.00021930998116549867,0.0003496748762093779,-0.00895140714894068,0.12519065327400453,0.9920923206248915,-0.8759388706949445,-0.47954490602923144,0.052609675033036735,0.4823390582523042,-0.8685412963321,0.113951961150462,1450.0,-0.00895140714894068,0.12519065327400453,0.9920923206248915
43,-1.0108100109036193,0.08770356730653274,-1.1853672836053337,-1.0108100109036193,0.08770356730653274,-1.1853672836053337,3.5880080350772945e-06,0.00010756181866125697,0.001136847020075675,-0.6076595291547662,0.4323340090725805,-0.6662110785829355,0.5768983091390548,-0.336242216373848,-0.7443987592953808,0.5458371895903648,0.8366770443410243,0.04509197193359305,2453.0,-0.6076595291547662,0.4323340090725805,-0.6662110785829355
44,-1.463202691229403,-0.26660224839446406,-1.1319831230423667,-1.463202691229403,-0.26660224839446406,-1.1319831230423667,4.736241831866961e-07,8.625533955823921e-05,0.00041225359227321567,-0.7635181951748025,0.2774781441465043,-0.5831345000581121,-0.5485348326505188,-0.7552004621305094,0.3588618109620099,0.34080713461733736,-0.5938671076249951,-0.7288157212046421,946.0,-0.7635181951748025,0.2774781441465043,-0.5831345000581121
45,-2.418673527824295,-0.5847156178075951,-0.1329046517766856,-2.418673527824295,-0.5847156178075951,-0.1329046517766856,1.054885730916434e-06,0.0001407688888106972,0.0004015957242548628,0.9879617828795635,-0.07077925835919441,0.13755657801630572,0.0665180189573447,0.997159265279224,0.035337696894230705,-0.1396669922473593,-0.025762302962285658,0.9898633415894613,572.0,-0.9879617828795635,0.07077925835919441,-0.13755657801630572
46,-2.4238512782908197,-0.7242630869594973,0.2812397841197341,-2.4238512782908197,-0.7242630869594973,0.2812397841197341,1.173911768025023e-06,8.188846573938727e-05,0.00017021550303267583,-0.9988739390012995,-0.027341183455207703,0.0387725891745309,-0.015171774727451147,0.9584130469814899,0.28498113731837743,-0.044951876886819175,0.2840719821857218,-0.9577486297048026,670.0,-0.9988739390012995,-0.027341183455207703,0.0387725891745309
47,-2.4053392833998415,-0.7035349176144924,0.07658818235215382,-2.4053392833998415,-0.7035349176144924,0.07658818235215382,2.1553248859973363e-07,7.939303025728205e-05,0.0005560167395682439,0.9846297311116963,0.15544046966735026,-0.079640146914113,0.14534655478653835,-0.982095031501246,-0.11984877184289451,0.09684354197669434,-0.1064312430170762,0.9895927035337561,1176.0,-0.9846297311116963,-0.15544046966735026,0.079640146914113
48,-2.3703789219413838,-0.8451905438990118,0.5298700197455809,-2.3703789219413838,-0.8451905438990118,0.5298700197455809,8.286245120141697e-07,5.948151227528014e-05,0.00020210967829002241,-0.7961045512984791,-0.20697493207227757,0.5686641547482336,0.31199707847564795,0.6648005258007486,0.6787474375036036,0.5185319338522049,-0.7177754790940717,0.4646751501713517,582.0,-0.7961045512984791,-0.20697493207227757,0.5686641547482336
49,-2.4035207388323667,-0.9553153301527836,0.25167634514698,-2.4035207388323667,-0.9553153301527836,0.25167634514698,1.94839044090215e-07,0.00010403553495029251,0.00027222659326385924,0.905680646603618,0.4095357403022908,-0.10964964105142769,0.41288878648390104,-0.9107389068223788,0.00880304469093516,0.09625703280022717,0.053245854439886046,0.9939313168531629,1017.0,-0.905680646603618,-0.4095357403022908,0.10964964105142769
50,-2.4054139669261763,-0.6045947038415652,0.1175152781794765,-2.4054139669261763,-0.6045947038415652,0.1175152781794765,5.87830589295783e-07,0.00015061261921821476,0.00036909426607263364,0.9896614427015845,0.13996270760308235,0.031315640025904035,0.13903369572552407,-0.9898297451537732,0.03011157687199727,-0.035211649815371004,0.025446337442348997,0.999055866119633,1340.0,-0.9896614427015845,-0.13996270760308235,-0.031315640025904035
51,-2.1971913726809493,-1.235716568237824,0.24881889520069514,-2.1971913726809493,-1.235716568237824,0.24881889520069514,1.6015094647082062e-07,0.00019765909088465626,0.00021142795764166056,-0.7528669214004748,-0.6470340602462891,0.12057497062895546,-0.45624674035895385,0.645094304671256,0.6129373948394227,-0.47437359809837754,0.40644835214564573,-0.7808773440594164,1337.0,-0.7528669214004748,-0.6470340602462891,0.12057497062895546
52,-2.417356165712009,-0.9836174310567622,-0.12189471240870221,-2.417356165712009,-0.9836174310567622,-0.12189471240870221,2.879013069706448e-07,0.00017020008425338234,0.0002450034220981469,0.9369284824409719,0.34949090745503303,-0.004596128491911459,0.12016147692533803,-0.3344260111712173,-0.934730154919178,-0.32821675498666725,0.8752230279525134,-0.3553285987472095,499.0,-0.9369284824409719,-0.34949090745503303,0.004596128491911459
53,0.8002795842839471,1.5925305643191574,0.09032211340435431,0.8002795842839471,1.5925305643191574,0.09032211340435431,1.337080469007135e-06,7.786031476592589e-05,0.00030224369214522855,-0.8835777687131791,-0.28586258314738244,-0.37090822340863017,-0.44859166227817393,0.28941724671636504,0.8455786053570795,0.13437204757815163,-0.9135207938845312,0.3839582164379743,1128.0,0.8835777687131791,0.28586258314738244,0.37090822340863017
54,0.6270544774252662,1.5764968241185364,-0.8829028785347227,0.6270544774252662,1.5764968241185364,-0.8829028785347227,7.293221596132223e-07,3.9343621238858105e-05,0.00015488754994088952,-0.8325014581113297,-0.531487273332201,0.15640524456811616,-0.28915071118162955,0.6576272281292684,0.6956423614517543,0.47258140935257675,-0.5338985925331865,0.7011555493793189,503.0,0.8325014581113297,0.531487273332201,-0.15640524456811616
55,0.46131957044788435,1.702393246047637,-0.9282063929473653,0.46131957044788435,1.702393246047637,-0.9282063929473653,5.874446838389787e-07,4.222213065599337e-05,9.135103221894423e-05,-0.44108908080750453,-0.6719299320658144,0.5949374666184853,-0.20867980070889472,0.7215291720026734,0.6601881510033581,0.8728649171369459,-0.167050352717877,0.45847684356829416,408.0,0.44108908080750453,0.6719299320658144,-0.5949374666184853
56,0.5129268587803217,1.6299050123389087,-0.9707888634458407,0.5129268587803217,1.6299050123389087,-0.9707888634458407,1.3751838362809495e-05,9.150769692080935e-05,0.000298631182706464,0.6932060660765945,0.24932613517278768,-0.6762409543013588,-0.6970945528375742,0.4702905473079821,-0.5411894174103379,0.18309706267112605,0.8465596726944646,0.49981215092137016,1072.0,0.6932060660765945,0.24932613517278768,-0.6762409543013588
57,0.5756792878221583,1.639630998858699,-0.8557634347456473,0.5756792878221583,1.639630998858699,-0.8557634347456473,1.3781980493137893e-06,5.0657739516135265e-05,0.00029316753684359865,-0.7977674904534566,-0.5592456767883071,0.22541362906706242,-0.4629343615050196,0.8076189178403258,0.3652991383569925,0.3863402750342432,-0.187072062425178,0.9031861576366502,1350.0,0.7977674904534566,0.5592456767883071,-0.22541362906706242
58,-1.7105499348219704,-0.43552396139677835,-0.8991935564314618,-1.7105499348219704,-0.43552396139677835,-0.8991935564314618,1.0718341534895384e-06,2.5674307414458884e-05,0.00024474811685204023,-0.9053039498312282,0.21382868622922255,-0.36701778072112823,-0.4124945376354312,-0.6487473540805854,0.639511631633367,0.10135588212289112,-0.7303452358432443,-0.6755167071510272,136.0,-0.9053039498312282,0.21382868622922255,-0.36701778072112823
59,-0.15888786857384582,-1.0082130939808003,-0.6330679339724917,-0.15888786857384582,-1.0082130939808003,-0.6330679339724917,2.262078066167748e-06,8.980422862265341e-05,0.00048543664472362465,0.44659098413048526,-0.8946022393777344,-0.015598916427354623,-0.7332453387684112,-0.35593847281639607,-0.5793609209668262,0.5127453228141262,0.2701751966215149,-0.8149218349404822,344.0,0.44659098413048526,-0.8946022393777344,-0.015598916427354623
60,-0.08840103709361158,-0.9027579101057001,-0.7146016772978944,-0.08840103709361158,-0.9027579101057001,-0.7146016772978944,6.533229695575558e-06,0.00025999310633334933,0.0003759656101526589,-0.40311979145536136,0.9120108946030644,0.07570047465045165,-0.8289900135833613,-0.32887721814892557,-0.45234426354457313,0.38764673494825697,0.2451038626948623,-0.8886248394997822,549.0,0.40311979145536136,-0.9120108946030644,-0.07570047465045165
61,-0.9411496632506302,-1.0298401530784282,-0.9290878027586545,-0.9411496632506302,-1.0298401530784282,-0.9290878027586545,2.212277317768667e-06,0.00024698661745205925,0.0028392536764334226,0.0826799608183067,0.7458710984171786,0.6609389749629196,-0.3957356311053199,-0.5841064519640382,0.7086698547614801,0.9146350826164266,-0.32014989820384854,0.24687387129323352,4913.0,-0.0826799608183067,-0.7458710984171786,-0.6609389749629196
62,-0.9019617409820101,-1.1931274450157743,-0.7556457851987436,-0.9019617409820101,-1.1931274450157743,-0.7556457851987436,2.5121201191191147e-06,0.0001342296769727221,0.0006684303716390193,0.1632418518295457,-0.8636251467006975,-0.47697348332738565,-0.9726215684688903,-0.059819406545297146,-0.22456385094151893,0.16540671800255533,0.5005729163536193,-0.8497454754530063,502.0,0.1632418518295457,-0.8636251467006975,-0.47697348332738565
63,-0.7782824676330775,-1.1055199842746943,-0.828918209222898,-0.7782824676330775,-1.1055199842746943,-0.828918209222898,1.448122797784493e-06,0.00011155885214896357,0.00016784218194553405,-0.12290824607197076,0.8949508015609532,0.4289016505364835,0.31799285295027174,0.44490642828008675,-0.8372208881457768,-0.9400926063532566,0.0334863085523619,-0.3392706274045505,292.0,0.12290824607197076,-0.8949508015609532,-0.4289016505364835
64,-1.4436563256615897,-1.4455883486894263,-0.19959251052446442,-1.4436563256615897,-1.4455883486894263,-0.19959251052446442,1.2051961151340285e-06,6.168971963783008e-05,0.00027072189972012054,0.3405327788986915,0.9223737156960554,0.182384635012348,-0.15465661759312244,0.2462855448765949,-0.956778323865823,0.9274258768926978,-0.2976073906640949,-0.22651950002575744,371.0,-0.3405327788986915,-0.9223737156960554,-0.182384635012348
65,-1.7657317177717662,-1.358312224289674,0.1270761733230312,-1.7657317177717662,-1.358312224289674,0.1270761733230312,2.1247150295965966e-06,0.00047196583987751104,0.0011232842394807497,-0.24669693774360196,-0.9690235954542868,0.011571186662407345,-0.6205135970712551,0.1487781439293968,-0.7699532062006209,0.7443812845293878,-0.19712517683383451,-0.6379954293728192,1269.0,-0.24669693774360196,-0.9690235954542868,0.011571186662407345
66,-1.4964580728024748,-1.3472327206247319,0.09683642571564774,-1.4964580728024748,-1.3472327206247319,0.09683642571564774,1.1691504075997412e-06,0.00015051543172234558,0.000390984977256191,-0.15501137257298722,-0.9746981000925834,0.161043745761662,-0.9634441910657601,0.11309385540262973,-0.2428684223438953,0.2185103317344104,-0.19280402886370754,-0.9565980563325647,1123.0,-0.15501137257298722,-0.9746981000925834,0.161043745761662
67,-1.8212844023939039,-1.408835786678752,-0.008248673186226668,-1.8212844023939039,-1.408835786678752,-0.008248673186226668,1.5932185434924746e-05,0.00016562701772269517,0.00031711905166669846,0.1340574114977982,0.9528719703526461,-0.2721463182532065,-0.54667500766214,0.3001673607234,0.7816943082522397,0.8265440377984163,0.043983675069437615,0.5611509510882761,305.0,-0.1340574114977982,-0.9528719703526461,0.2721463182532065
68,-1.936995372641007,-0.9627599768719155,0.7566765545337211,-1.936995372641007,-0.9627599768719155,0.7566765545337211,5.248829908295972e-06,0.0006553345749288324,0.0015471851428959706,-0.5081374421065569,-0.40947219554275466,0.7577129146364089,-0.6938810501940824,-0.3265403837789263,-0.6417947225889817,0.5102209600858851,-0.8518825616473829,-0.11819760171056612,7341.0,-0.5081374421065569,-0.40947219554275466,0.7577129146364089
69,-1.5828711692351287,-0.9001311314242724,0.9174733501281181,-1.5828711692351287,-0.9001311314242724,0.9174733501281181,5.492174891904572e-06,0.0002640510754358772,0.000753354053127825,0.3121837736224204,0.57441953487433,-0.7566924668857383,-0.8160333576768259,0.5699746423351912,0.09601284421136932,0.48644717148478833,0.5875126424594026,0.6466823364719493,2877.0,-0.3121837736224204,-0.57441953487433,0.7566924668857383
70,-2.371155644699316,-0.4714506159024086,0.34475971890028884,-2.371155644699316,-0.4714506159024086,0.34475971890028884,1.9818742273998976e-06,0.0005073876947814214,0.0037022289263646617,-0.9603328176981378,-0.15963347097566674,0.22864390260012743,-0.2681440707887302,0.7537095555851564,-0.6000172190199835,0.07654826289867102,0.6375257334130814,0.7666167899826544,8409.0,-0.9603328176981378,-0.15963347097566674,0.22864390260012743
71,-1.8448387013030505,-1.145423680121872,0.6809263473427701,-1.8448387013030505,-1.145423680121872,0.6809263473427701,4.015649866476821e-06,0.0003561637039161592,0.0006000186471688331,-0.6415788201581573,-0.5158280796195077,0.5677129642702531,-0.6933901126243898,0.7064961300620582,-0.14168052061617661,0.3280042213740589,0.4845457774899973,0.8109430437937127,3319.0,-0.6415788201581573,-0.5158280796195077,0.5677129642702531
72,-0.35776585181393716,-1.0975987529904385,-0.1671519997964637,-0.35776585181393716,-1.0975987529904385,-0.1671519997964637,2.4039181123745923e-06,0.0002580429066644901,0.0004962869788816262,0.18560283513631665,-0.8755540368610422,0.4460456435452479,-0.8105557999928861,-0.39302528417281696,-0.4342008994679408,0.5554735661462691,-0.28095596547717155,-0.7826320098076341,2229.0,0.18560283513631665,-0.8755540368610422,0.4460456435452479
73,-1.1774226358655515,-0.6173903548569177,0.9835399553936235,-1.1774226358655515,-0.6173903548569177,0.9835399553936235,0.00011609909601953626,0.0013187603739837227,0.0016904180043452192,0.40518682591754795,0.39233530680850554,-0.8257703331643361,0.8939878928445317,-0.35906576079077274,0.2680623563187069,0.19133552610599142,0.8468440154238676,0.49623173013273175,11011.0,-0.40518682591754795,-0.39233530680850554,0.8257703331643361
74,-0.6036220962488199,-0.9698021704088832,0.36062943739913,-0.6036220962488199,-0.9698021704088832,0.36062943739913,2.911043375241479e-06,0.00011238338918439565,0.0008215755754987361,-0.43746894267491104,0.8011538063573778,-0.4083791164518341,-0.7543157583890955,-0.07972000090673068,0.6516536335364932,0.4895188054005473,0.5931250289901079,0.6391979655354865,869.0,0.43746894267491104,-0.8011538063573778,0.4083791164518341
75,-0.7759617963110349,-0.9921475086524878,0.4667550051764169,-0.7759617963110349,-0.9921475086524878,0.4667550051764169,3.383774000701222e-06,0.0014283307739883394,0.002082177690572936,-0.2727247076087585,0.6846893642454748,-0.6758858693217697,-0.8934668727856178,-0.44081197399889815,-0.08603342846755974,0.3568447576950026,-0.5804181923995164,-0.7319675818212666,11924.0,0.2727247076087585,-0.6846893642454748,0.6758858693217697
76,-0.5730540203996662,-1.1621030822134208,0.08804453969742,-0.5730540203996662,-1.1621030822134208,0.08804453969742,1.0562909552468117e-05,0.0003851792864434504,0.0008110342259242555,-0.3594203164679166,0.6948912178265233,-0.6228508902599997,-0.7611519308593836,0.16783971699468853,0.6264803010056852,0.5398747764612954,0.699253905807264,0.4685927879877704,3241.0,0.3594203164679166,-0.6948912178265233,0.6228508902599997
77,-0.6730488090822888,-1.2935711347915297,0.04486049950714064,-0.6730488090822888,-1.2935711347915297,0.04486049950714064,1.0357824504971492e-06,0.00034483269250476555,0.0007846346671075,0.315789773628044,-0.8873285194477654,0.33604302915934026,-0.9126514106636666,-0.3809263083766699,-0.14819767272174333,0.2595076520751704,-0.25989083508496125,-0.930114257687341,1348.0,0.315789773628044,-0.8873285194477654,0.33604302915934026
78,-1.048370205579691,-1.2039005318738676,0.46305950542966673,-1.048370205579691,-1.2039005318738676,0.46305950542966673,4.300548643971515e-06,0.001217774437357721,0.0019589133244878624,-0.024067684384498737,-0.8275815397748919,0.5608293337479657,-0.8843247500993386,-0.24401492262897234,-0.3980282074126394,0.4662515232469601,-0.5055348776871835,-0.7259779642053152,13497.0,-0.024067684384498737,-0.8275815397748919,0.5608293337479657
79,-1.5050912356496806,-1.1487098704739482,0.6374112898170454,-1.5050912356496806,-1.1487098704739482,0.6374112898170454,1.0433309724637045e-06,0.0006763726891887841,0.0013320904849241691,0.2540417541757263,0.8077651250205745,-0.5319570376786231,0.951561756572408,-0.11025486136713336,0.2870088656709895,-0.17318490281821244,0.5791022088935686,0.7966477396506163,6151.0,-0.2540417541757263,-0.8077651250205745,0.5319570376786231
80,-1.0965868682914854,-0.3843903126489128,1.1748876669881223,-1.0965868682914854,-0.3843903126489128,1.1748876669881223,3.2423943298990117e-06,0.0011798809599901535,0.0013813223325858123,-0.003152483339986731,0.44366577308102995,-0.8961867794412075,-0.016772341528011842,-0.896088627002842,-0.443558182334437,0.9998543645993945,-0.013632840957552829,-0.01026621833818249,8374.0,0.003152483339986731,-0.44366577308102995,0.8961867794412075
81,-1.0432769833497093,-0.6997666168357018,0.8966169246738214,-1.0432769833497093,-0.6997666168357018,0.8966169246738214,3.593688153247179e-05,0.0002100997617735231,0.0019265231675758348,0.07344547520546778,0.5337352553583508,-0.842456194326684,-0.8946789764652251,0.40848723181640206,0.1807974295008385,0.4406305609498514,0.7404490925313699,0.5075232508235362,3143.0,-0.07344547520546778,-0.5337352553583508,0.842456194326684
82,-1.2806088212432805,-1.0155147139291951,0.7911904805231467,-1.2806088212432805,-1.0155147139291951,0.7911904805231467,4.5721697001697267e-07,0.0006770264130759006,0.0008324545752186233,-0.026246249522843112,-0.6781909822174031,0.7344168612068892,-0.5640346158266691,-0.5965102664179515,-0.5709995220726958,0.8253339242605061,-0.4292231281012001,-0.36686703281676125,5378.0,-0.026246249522843112,-0.6781909822174031,0.7344168612068892
83,0.6200179572119494,1.292283359359251,-1.0198929707796218,0.6200179572119494,1.292283359359251,-1.0198929707796218,2.182766278844527e-06,8.659994828723894e-05,0.000378680414425599,0.6422665604053701,0.014275274555307967,-0.7663484076589611,0.1199718550686107,-0.9893753263676613,0.08211709667468578,0.7570339618382063,0.1446813053274472,0.6371553189861127,1354.0,0.6422665604053701,0.014275274555307967,-0.7663484076589611
84,0.5723458906024377,1.5658537151160337,-0.9693826523980005,0.5723458906024377,1.5658537151160337,-0.9693826523980005,5.2121148508520016e-06,0.0003357026390378496,0.001019638565017841,0.6676672468578684,0.28701594928626584,-0.6869077757083102,0.7380676966614022,-0.3758530920248181,0.5603485775482228,0.09734743251964674,0.8811108318881838,0.4627819997700273,4132.0,0.6676672468578684,0.28701594928626584,-0.6869077757083102
85,0.8330367776822576,0.5669817686248126,-0.816581313773927,0.8330367776822576,0.5669817686248126,-0.816581313773927,1.142135307734018e-06,0.0002705362156381439,0.0004407025147916239,-0.8890854360965033,0.4577256870939142,-0.0037792453604652524,-0.0026565594734939127,-0.013415896055888636,-0.9999064738388193,-0.45773357973045214,-0.8889922435586386,0.013143853305785956,713.0,0.8890854360965033,-0.4577256870939142,0.0037792453604652524
86,0.47192730701420277,-0.11036137802629786,-0.8460771076266476,0.47192730701420277,-0.11036137802629786,-0.8460771076266476,1.2439742866633173e-05,0.0002232102546163842,0.0007847024289232473,0.9495631392379458,-0.28098201707014747,-0.1392082996224342,0.13695958846627557,-0.027726626407085335,0.9901885200885893,0.28208494417059304,0.9593124310000749,-0.012154999012761746,2143.0,0.9495631392379458,-0.28098201707014747,-0.1392082996224342
87,0.6354500031638368,0.10154100085356246,-0.761770273132302,0.6354500031638368,0.10154100085356246,-0.761770273132302,2.4754406583776754e-06,0.00011991245781744258,0.0008000205620484729,0.8021510205599294,-0.45376246518678676,-0.38814090920988215,0.2432798720131981,-0.34527377476335586,0.9064220453706461,0.5453151786700108,0.8215142394677488,0.1665704363439703,1712.0,0.8021510205599294,-0.45376246518678676,-0.38814090920988215
88,0.8934635432990822,0.6202791465295328,-0.7453119942733833,0.8934635432990822,0.6202791465295328,-0.7453119942733833,2.492645839275044e-07,1.7066588043900102e-05,9.475744150641365e-05,0.767545421643682,-0.45183722962847034,-0.4546615704405769,0.6115075366227366,0.3034946736501048,0.7307184927997984,0.1921784544828454,0.8388886105959987,-0.5092478184979293,555.0,0.767545421643682,-0.45183722962847034,-0.4546615704405769
89,0.8297890572745269,0.49709468304076404,-0.7486690751541759,0.8297890572745269,0.49709468304076404,-0.7486690751541759,1.1128465837121572e-06,2.429030702243383e-05,9.031862175921745e-05,-0.7791421929596776,0.2636315224052933,0.5687142195727586,-0.48881195329774596,0.31245350486471896,-0.8145156116435062,0.39242874189236787,0.9126177883933777,0.11457946956044456,749.0,0.7791421929596776,-0.2636315224052933,-0.5687142195727586
90,0.8439780999828317,0.46503318038732644,-0.7187541391929435,0.8439780999828317,0.46503318038732644,-0.7187541391929435,2.1002092741422954e-06,1.8683147558869465e-05,0.00020432487505607234,-0.8083357150371149,0.403577254808114,0.4286242774236932,-0.3851459815550622,0.18812938017773104,-0.9034765681554396,0.44525941280047526,0.8953952957858838,-0.003364460890912998,358.0,0.8083357150371149,-0.403577254808114,-0.4286242774236932
91,0.8947340095589884,0.7192209368663718,-0.8334187558536518,0.8947340095589884,0.7192209368663718,-0.8334187558536518,7.363584170017966e-07,7.566000751644862e-05,0.00010913262442532987,0.8326715861315562,-0.25233025660709146,-0.4929375936665388,0.5348496232120117,0.13577637036627357,0.8339668205631022,0.14350578454936014,0.9580679614989533,-0.24801586834336384,1679.0,0.8326715861315562,-0.25233025660709146,-0.4929375936665388
